[240,
 144,
 144,
 144,
 240,
 32,
 96,
 32,
 32,
 112,
 240,
 16,
 240,
 128,
 240,
 240,
 16,
 240,
 16,
 240,
 144,
 144,
 240,
 16,
 16,
 240,
 128,
 240,
 16,
 240,
 240,
 128,
 240,
 144,
 240,
 240,
 16,
 32,
 64,
 64,
 240,
 144,
 240,
 144,
 240,
 240,
 144,
 240,
 16,
 240,
 240,
 144,
 240,
 144,
 144,
 224,
 144,
 224,
 144,
 224,
 240,
 128,
 128,
 128,
 240,
 224,
 144,
 144,
 144,
 224,
 240,
 128,
 240,
 128,
 240,
 240,
 128,
 240,
 128,
 128,
 0,
 0,
 0,
 0,
 0,
 0,
 0,
 0,
 0,
 0,
 0,
 0,
 0,
 0,
 0,
 0,
 0,
 0,
 0,
 0,
 0,
 0,
 0,
 0,
 0,
 0,
 0,
 0,
 0,
 0,
 0,
 0,
 0,
 0,
 0,
 0,
 0,
 0,
 0,
 0,
 0,
 0,
 0,
 0,
 0,
 0,
 0,
 0,
 0,
 0,
 0,
 0,
 0,
 0,
 0,
 0,
 0,
 0,
 0,
 0,
 0,
 0,
 0,
 0,
 0,
 0,
 0,
 0,
 0,
 0,
 0,
 0,
 0,
 0,
 0,
 0,
 0,
 0,
 0,
 0,
 0,
 0,
 0,
 0,
 0,
 0,
 0,
 0,
 0,
 0,
 0,
 0,
 0,
 0,
 0,
 0,
 0,
 0,
 0,
 0,
 0,
 0,
 0,
 0,
 0,
 0,
 0,
 0,
 0,
 0,
 0,
 0,
 0,
 0,
 0,
 0,
 0,
 0,
 0,
 0,
 0,
 0,
 0,
 0,
 0,
 0,
 0,
 0,
 0,
 0,
 0,
 0,
 0,
 0,
 0,
 0,
 0,
 0,
 0,
 0,
 0,
 0,
 0,
 0,
 0,
 0,
 0,
 0,
 0,
 0,
 0,
 0,
 0,
 0,
 0,
 0,
 0,
 0,
 0,
 0,
 0,
 0,
 0,
 0,
 0,
 0,
 0,
 0,
 0,
 0,
 0,
 0,
 0,
 0,
 0,
 0,
 0,
 0,
 0,
 0,
 0,
 0,
 0,
 0,
 0,
 0,
 0,
 0,
 0,
 0,
 0,
 0,
 0,
 0,
 0,
 0,
 0,
 0,
 0,
 0,
 0,
 0,
 0,
 0,
 0,
 0,
 0,
 0,
 0,
 0,
 0,
 0,
 0,
 0,
 0,
 0,
 0,
 0,
 0,
 0,
 0,
 0,
 0,
 0,
 0,
 0,
 0,
 0,
 0,
 0,
 0,
 0,
 0,
 0,
 0,
 0,
 0,
 0,
 0,
 0,
 0,
 0,
 0,
 0,
 0,
 0,
 0,
 0,
 0,
 0,
 0,
 0,
 0,
 0,
 0,
 0,
 0,
 0,
 0,
 0,
 0,
 0,
 0,
 0,
 0,
 0,
 0,
 0,
 0,
 0,
 0,
 0,
 0,
 0,
 0,
 0,
 0,
 0,
 0,
 0,
 0,
 0,
 0,
 0,
 0,
 0,
 0,
 0,
 0,
 0,
 0,
 0,
 0,
 0,
 0,
 0,
 0,
 0,
 0,
 0,
 0,
 0,
 0,
 0,
 0,
 0,
 0,
 0,
 0,
 0,
 0,
 0,
 0,
 0,
 0,
 0,
 0,
 0,
 0,
 0,
 0,
 0,
 0,
 0,
 0,
 0,
 0,
 0,
 0,
 0,
 0,
 0,
 0,
 0,
 0,
 0,
 0,
 0,
 0,
 0,
 0,
 0,
 0,
 0,
 0,
 0,
 0,
 0,
 0,
 0,
 0,
 0,
 0,
 0,
 0,
 0,
 0,
 0,
 0,
 0,
 0,
 0,
 0,
 0,
 0,
 0,
 0,
 0,
 0,
 0,
 0,
 0,
 0,
 0,
 0,
 0,
 0,
 0,
 0,
 0,
 0,
 0,
 0,
 0,
 0,
 0,
 0,
 0,
 0,
 0,
 0,
 0,
 0,
 0,
 0,
 0,
 0,
 0,
 0,
 0,
 0,
 0,
 0,
 0,
 0,
 0,
 0,
 0,
 0,
 0,
 0,
 0,
 0,
 0,
 0,
 0,
 0,
 0,
 0,
 0,
 0,
 0,
 0,
 0,
 0,
 0,
 0,
 0,
 0,
 0,
 0,
 0,
 18,
 2,
 99,
 48,
 243,
 21,
 164,
 20,
 97,
 5,
 98,
 0,
 37,
 108,
 164,
 56,
 97,
 8,
 98,
 18,
 37,
 104,
 164,
 86,
 97,
 0,
 98,
 26,
 37,
 66,
 37,
 66,
 23,
 152,
 0,
 0,
 0,
 0,
 164,
 225,
 97,
 0,
 98,
 0,
 209,
 33,
 114,
 1,
 50,
 31,
 18,
 44,
 97,
 46,
 98,
 0,
 209,
 33,
 114,
 1,
 50,
 31,
 18,
 56,
 21,
 182,
 164,
 209,
 97,
 0,
 98,
 0,
 209,
 37,
 165,
 112,
 250,
 51,
 242,
 101,
 99,
 49,
 100,
 6,
 34,
 88,
 0,
 238,
 240,
 41,
 211,
 69,
 115,
 5,
 241,
 41,
 211,
 69,
 115,
 5,
 242,
 41,
 211,
 69,
 0,
 238,
 0,
 0,
 164,
 214,
 97,
 24,
 98,
 0,
 209,
 37,
 165,
 115,
 251,
 51,
 242,
 101,
 99,
 49,
 100,
 19,
 34,
 88,
 0,
 238,
 0,
 0,
 164,
 204,
 97,
 48,
 98,
 0,
 209,
 37,
 165,
 118,
 252,
 51,
 242,
 101,
 99,
 49,
 100,
 26,
 34,
 88,
 0,
 238,
 0,
 0,
 106,
 250,
 107,
 250,
 165,
 112,
 242,
 101,
 99,
 49,
 100,
 6,
 34,
 88,
 0,
 238,
 165,
 115,
 242,
 101,
 99,
 49,
 100,
 19,
 34,
 88,
 0,
 238,
 165,
 118,
 242,
 101,
 99,
 49,
 100,
 26,
 34,
 88,
 0,
 238,
 0,
 0,
 0,
 0,
 102,
 2,
 199,
 15,
 104,
 0,
 119,
 11,
 110,
 2,
 99,
 2,
 227,
 161,
 35,
 210,
 99,
 4,
 227,
 161,
 37,
 124,
 99,
 6,
 227,
 161,
 35,
 110,
 18,
 230,
 124,
 1,
 142,
 192,
 123,
 255,
 75,
 0,
 22,
 94,
 75,
 26,
 35,
 148,
 126,
 255,
 120,
 1,
 35,
 234,
 62,
 0,
 18,
 234,
 192,
 1,
 48,
 0,
 19,
 8,
 119,
 1,
 19,
 10,
 119,
 255,
 34,
 160,
 34,
 74,
 34,
 172,
 34,
 116,
 35,
 234,
 34,
 184,
 34,
 140,
 18,
 208,
 0,
 0,
 99,
 2,
 227,
 161,
 19,
 210,
 0,
 238,
 99,
 0,
 106,
 150,
 107,
 250,
 108,
 4,
 163,
 70,
 97,
 48,
 98,
 0,
 37,
 46,
 163,
 85,
 97,
 48,
 98,
 13,
 37,
 46,
 34,
 74,
 34,
 116,
 34,
 140,
 18,
 200,
 0,
 0,
 234,
 138,
 234,
 138,
 142,
 232,
 136,
 232,
 136,
 238,
 0,
 0,
 0,
 0,
 0,
 238,
 136,
 238,
 136,
 142,
 238,
 132,
 228,
 132,
 228,
 0,
 0,
 0,
 0,
 0,
 122,
 255,
 58,
 0,
 19,
 214,
 24,
 84,
 0,
 0,
 246,
 24,
 119,
 1,
 122,
 255,
 74,
 0,
 24,
 84,
 35,
 234,
 99,
 6,
 227,
 161,
 19,
 110,
 0,
 238,
 119,
 255,
 192,
 248,
 254,
 255,
 224,
 128,
 163,
 132,
 97,
 1,
 98,
 12,
 209,
 38,
 0,
 238,
 37,
 190,
 164,
 226,
 97,
 0,
 98,
 1,
 209,
 47,
 164,
 241,
 114,
 15,
 209,
 47,
 165,
 0,
 97,
 38,
 98,
 1,
 209,
 47,
 114,
 15,
 209,
 47,
 165,
 30,
 97,
 13,
 98,
 24,
 209,
 39,
 165,
 37,
 97,
 31,
 98,
 24,
 209,
 39,
 164,
 222,
 97,
 0,
 98,
 31,
 209,
 33,
 113,
 8,
 49,
 48,
 19,
 198,
 0,
 238,
 0,
 0,
 246,
 24,
 19,
 100,
 60,
 0,
 124,
 255,
 75,
 250,
 19,
 230,
 75,
 26,
 19,
 230,
 123,
 1,
 120,
 255,
 62,
 0,
 126,
 255,
 164,
 219,
 215,
 133,
 111,
 0,
 164,
 225,
 137,
 128,
 121,
 5,
 141,
 112,
 221,
 145,
 79,
 1,
 22,
 212,
 221,
 145,
 111,
 0,
 125,
 7,
 221,
 145,
 79,
 1,
 23,
 244,
 221,
 145,
 164,
 219,
 215,
 133,
 19,
 28,
 0,
 0,
 138,
 138,
 138,
 138,
 238,
 139,
 202,
 171,
 154,
 138,
 188,
 180,
 188,
 168,
 172,
 71,
 69,
 71,
 69,
 117,
 69,
 100,
 84,
 76,
 69,
 238,
 168,
 174,
 168,
 238,
 240,
 208,
 240,
 160,
 176,
 0,
 151,
 164,
 199,
 164,
 151,
 81,
 84,
 113,
 37,
 33,
 195,
 65,
 217,
 1,
 193,
 171,
 43,
 59,
 42,
 42,
 213,
 85,
 213,
 148,
 221,
 220,
 8,
 200,
 72,
 200,
 151,
 164,
 199,
 164,
 151,
 81,
 85,
 113,
 36,
 32,
 67,
 66,
 235,
 66,
 67,
 131,
 2,
 187,
 128,
 131,
 187,
 18,
 147,
 146,
 146,
 189,
 149,
 157,
 149,
 189,
 69,
 68,
 68,
 68,
 117,
 238,
 40,
 78,
 136,
 238,
 239,
 141,
 143,
 138,
 235,
 119,
 84,
 119,
 81,
 87,
 85,
 85,
 117,
 80,
 85,
 0,
 238,
 138,
 142,
 138,
 234,
 238,
 164,
 228,
 132,
 132,
 234,
 171,
 234,
 170,
 170,
 32,
 32,
 160,
 96,
 32,
 238,
 168,
 238,
 162,
 174,
 239,
 77,
 79,
 74,
 75,
 116,
 86,
 85,
 84,
 116,
 93,
 85,
 93,
 213,
 85,
 92,
 72,
 72,
 72,
 200,
 6,
 238,
 164,
 228,
 132,
 142,
 142,
 138,
 138,
 138,
 238,
 224,
 64,
 64,
 64,
 64,
 0,
 238,
 136,
 238,
 130,
 142,
 232,
 136,
 232,
 136,
 142,
 238,
 132,
 228,
 132,
 132,
 24,
 60,
 165,
 255,
 189,
 0,
 128,
 64,
 64,
 64,
 64,
 64,
 64,
 96,
 96,
 96,
 96,
 96,
 96,
 96,
 112,
 112,
 96,
 96,
 96,
 96,
 96,
 96,
 112,
 112,
 96,
 64,
 64,
 0,
 0,
 0,
 0,
 3,
 1,
 15,
 15,
 1,
 1,
 1,
 1,
 0,
 0,
 0,
 0,
 0,
 0,
 0,
 7,
 15,
 15,
 15,
 15,
 15,
 15,
 15,
 15,
 15,
 15,
 143,
 143,
 143,
 143,
 40,
 248,
 252,
 124,
 120,
 124,
 124,
 16,
 48,
 48,
 120,
 248,
 240,
 248,
 0,
 0,
 99,
 0,
 100,
 5,
 209,
 37,
 115,
 1,
 244,
 30,
 113,
 8,
 51,
 3,
 21,
 50,
 0,
 238,
 0,
 0,
 99,
 0,
 100,
 5,
 209,
 37,
 115,
 1,
 244,
 30,
 113,
 8,
 51,
 4,
 21,
 70,
 0,
 238,
 0,
 0,
 99,
 0,
 100,
 5,
 209,
 37,
 115,
 1,
 244,
 30,
 113,
 8,
 51,
 5,
 21,
 90,
 0,
 238,
 37,
 46,
 21,
 46,
 37,
 46,
 21,
 66,
 1,
 4,
 9,
 0,
 4,
 7,
 0,
 2,
 1,
 0,
 179,
 191,
 246,
 24,
 119,
 255,
 122,
 255,
 74,
 0,
 24,
 84,
 35,
 234,
 99,
 4,
 227,
 161,
 21,
 124,
 0,
 238,
 88,
 72,
 165,
 158,
 97,
 38,
 98,
 20,
 21,
 154,
 209,
 38,
 0,
 238,
 3,
 15,
 255,
 127,
 7,
 1,
 255,
 0,
 165,
 164,
 97,
 9,
 98,
 15,
 209,
 33,
 97,
 11,
 98,
 16,
 209,
 33,
 23,
 114,
 37,
 146,
 35,
 138,
 37,
 166,
 19,
 38,
 37,
 146,
 35,
 138,
 37,
 166,
 0,
 238,
 71,
 71,
 128,
 255,
 168,
 171,
 168,
 174,
 136,
 255,
 240,
 128,
 160,
 128,
 160,
 160,
 240,
 0,
 34,
 160,
 34,
 74,
 34,
 172,
 34,
 116,
 34,
 184,
 34,
 140,
 167,
 108,
 215,
 134,
 71,
 1,
 22,
 58,
 71,
 2,
 22,
 58,
 71,
 3,
 22,
 58,
 71,
 4,
 22,
 58,
 71,
 5,
 22,
 58,
 71,
 6,
 22,
 58,
 71,
 36,
 22,
 18,
 71,
 37,
 22,
 18,
 71,
 38,
 22,
 18,
 109,
 255,
 22,
 58,
 0,
 0,
 110,
 0,
 119,
 2,
 165,
 200,
 215,
 129,
 120,
 255,
 126,
 1,
 62,
 13,
 22,
 24,
 165,
 201,
 119,
 244,
 120,
 1,
 215,
 135,
 119,
 8,
 165,
 208,
 215,
 135,
 23,
 252,
 248,
 136,
 168,
 136,
 168,
 168,
 248,
 0,
 110,
 0,
 119,
 2,
 165,
 200,
 215,
 129,
 120,
 255,
 126,
 1,
 62,
 13,
 22,
 64,
 165,
 201,
 119,
 1,
 120,
 1,
 215,
 135,
 119,
 8,
 166,
 50,
 215,
 135,
 61,
 255,
 23,
 252,
 24,
 22,
 111,
 0,
 102,
 5,
 134,
 197,
 63,
 1,
 22,
 128,
 21,
 216,
 0,
 0,
 0,
 0,
 0,
 0,
 0,
 0,
 189,
 255,
 165,
 60,
 24,
 56,
 16,
 120,
 216,
 216,
 120,
 16,
 56,
 0,
 166,
 119,
 119,
 2,
 120,
 253,
 215,
 136,
 38,
 168,
 22,
 140,
 166,
 119,
 215,
 136,
 166,
 114,
 119,
 254,
 120,
 4,
 215,
 133,
 164,
 126,
 97,
 12,
 98,
 0,
 37,
 46,
 109,
 2,
 253,
 24,
 22,
 152,
 37,
 196,
 34,
 160,
 34,
 74,
 34,
 172,
 34,
 116,
 34,
 184,
 34,
 140,
 0,
 238,
 65,
 74,
 174,
 93,
 187,
 189,
 190,
 176,
 178,
 180,
 76,
 64,
 72,
 77,
 71,
 65,
 67,
 66,
 181,
 106,
 41,
 44,
 227,
 196,
 223,
 47,
 31,
 47,
 136,
 32,
 39,
 72,
 110,
 2,
 38,
 220,
 23,
 64,
 164,
 219,
 215,
 134,
 166,
 200,
 215,
 134,
 120,
 255,
 254,
 24,
 164,
 126,
 97,
 12,
 98,
 0,
 37,
 46,
 125,
 1,
 61,
 10,
 22,
 222,
 109,
 0,
 0,
 238,
 166,
 210,
 119,
 2,
 120,
 13,
 133,
 112,
 134,
 128,
 128,
 112,
 137,
 128,
 215,
 129,
 215,
 129,
 39,
 58,
 120,
 255,
 112,
 1,
 117,
 255,
 118,
 254,
 121,
 254,
 215,
 130,
 215,
 130,
 208,
 146,
 208,
 146,
 213,
 98,
 213,
 98,
 125,
 1,
 39,
 58,
 164,
 126,
 97,
 12,
 98,
 0,
 37,
 46,
 166,
 210,
 61,
 5,
 23,
 14,
 23,
 56,
 23,
 86,
 110,
 2,
 254,
 24,
 0,
 238,
 120,
 10,
 38,
 224,
 22,
 250,
 23,
 66,
 109,
 0,
 248,
 24,
 38,
 168,
 138,
 112,
 139,
 128,
 123,
 5,
 0,
 238,
 164,
 126,
 97,
 12,
 98,
 0,
 37,
 46,
 167,
 106,
 23,
 98,
 218,
 178,
 110,
 2,
 254,
 24,
 23,
 86,
 192,
 192,
 24,
 60,
 165,
 255,
 189,
 36,
 97,
 31,
 98,
 23,
 209,
 33,
 0,
 238,
 238,
 170,
 174,
 168,
 232,
 235,
 74,
 74,
 74,
 75,
 162,
 178,
 170,
 166,
 162,
 48,
 144,
 19,
 144,
 56,
 112,
 16,
 118,
 64,
 112,
 224,
 32,
 224,
 32,
 224,
 24,
 146,
 97,
 9,
 98,
 8,
 37,
 104,
 240,
 10,
 64,
 1,
 23,
 176,
 64,
 2,
 23,
 206,
 64,
 3,
 23,
 216,
 23,
 160,
 24,
 160,
 96,
 11,
 240,
 85,
 96,
 150,
 163,
 39,
 240,
 85,
 163,
 41,
 96,
 250,
 240,
 85,
 162,
 205,
 96,
 0,
 240,
 85,
 23,
 234,
 23,
 236,
 0,
 0,
 165,
 175,
 96,
 14,
 240,
 85,
 166,
 97,
 24,
 170,
 24,
 178,
 96,
 100,
 240,
 85,
 163,
 41,
 96,
 32,
 240,
 85,
 162,
 205,
 96,
 26,
 240,
 85,
 243,
 7,
 51,
 0,
 23,
 234,
 0,
 224,
 18,
 38,
 39,
 72,
 122,
 7,
 22,
 214,
 191,
 187,
 111,
 0,
 96,
 49,
 128,
 165,
 63,
 0,
 24,
 50,
 76,
 0,
 24,
 66,
 76,
 1,
 24,
 66,
 76,
 2,
 24,
 66,
 24,
 54,
 0,
 0,
 111,
 0,
 96,
 79,
 128,
 165,
 63,
 0,
 24,
 50,
 24,
 6,
 0,
 0,
 164,
 162,
 97,
 3,
 98,
 0,
 37,
 86,
 110,
 2,
 254,
 24,
 0,
 238,
 40,
 36,
 24,
 50,
 40,
 36,
 164,
 188,
 97,
 11,
 98,
 6,
 37,
 46,
 24,
 54,
 40,
 36,
 164,
 142,
 97,
 8,
 98,
 6,
 37,
 66,
 24,
 66,
 106,
 161,
 164,
 219,
 215,
 133,
 166,
 119,
 119,
 2,
 120,
 253,
 215,
 136,
 38,
 168,
 166,
 119,
 215,
 136,
 119,
 254,
 120,
 3,
 166,
 114,
 215,
 133,
 215,
 133,
 163,
 70,
 97,
 48,
 98,
 0,
 37,
 46,
 110,
 2,
 254,
 24,
 123,
 255,
 124,
 1,
 120,
 1,
 75,
 27,
 35,
 148,
 59,
 0,
 24,
 102,
 38,
 168,
 39,
 72,
 122,
 3,
 110,
 2,
 38,
 224,
 23,
 64,
 166,
 115,
 97,
 27,
 98,
 15,
 209,
 33,
 167,
 122,
 23,
 154,
 0,
 0,
 166,
 97,
 96,
 5,
 240,
 85,
 165,
 175,
 23,
 178,
 96,
 3,
 240,
 85,
 96,
 200,
 23,
 184,
 166,
 97,
 96,
 3,
 240,
 85,
 163,
 39,
 23,
 218,
 118,
 246,
 50,
 127,
 0,
 16,
 24,
 0,
 255,
 126,
 199,
 253,
 128,
 80,
 53,
 201,
 164,
 46,
 103,
 128,
 0,
 128,
 16,
 0,
 111,
 255,
 127,
 115,
 56,
 0,
 201,
 23,
 183,
 39,
 163,
 63,
 0,
 0,
 148,
 200,
 255,
 239,
 255,
 237,
 200,
 144,
 254,
 252,
 255,
 39,
 41,
 48,
 144,
 88,
 140,
 18,
 255,
 127,
 127,
 119,
 145,
 128,
 31,
 233,
 98,
 215,
 59,
 43,
 0,
 0,
 0,
 0,
 0,
 0,
 0,
 0,
 0,
 0,
 0,
 0,
 0,
 0,
 0,
 0,
 0,
 0,
 0,
 0,
 0,
 0,
 0,
 0,
 0,
 0,
 0,
 0,
 0,
 0,
 0,
 0,
 0,
 0,
 0,
 0,
 0,
 0,
 0,
 0,
 0,
 0,
 0,
 0,
 0,
 0,
 0,
 0,
 0,
 0,
 0,
 0,
 0,
 0,
 0,
 0,
 0,
 0,
 0,
 0,
 0,
 0,
 0,
 0,
 0,
 0,
 0,
 0,
 0,
 0,
 0,
 0,
 0,
 0,
 0,
 0,
 0,
 0,
 0,
 0,
 0,
 0,
 0,
 0,
 0,
 0,
 0,
 0,
 0,
 0,
 0,
 0,
 0,
 0,
 0,
 0,
 0,
 0,
 0,
 0,
 0,
 0,
 0,
 0,
 0,
 0,
 0,
 0,
 0,
 0,
 0,
 0,
 0,
 0,
 0,
 0,
 0,
 0,
 0,
 0,
 0,
 0,
 0,
 0,
 0,
 0,
 0,
 0,
 0,
 0,
 0,
 0,
 0,
 0,
 0,
 0,
 0,
 0,
 0,
 0,
 0,
 0,
 0,
 0,
 0,
 0,
 0,
 0,
 0,
 0,
 0,
 0,
 0,
 0,
 0,
 0,
 0,
 0,
 0,
 0,
 0,
 0,
 0,
 0,
 0,
 0,
 0,
 0,
 0,
 0,
 0,
 0,
 0,
 0,
 0,
 0,
 0,
 0,
 0,
 0,
 0,
 0,
 0,
 0,
 0,
 0,
 0,
 0,
 0,
 0,
 0,
 0,
 0,
 0,
 0,
 0,
 0,
 0,
 0,
 0,
 0,
 0,
 0,
 0,
 0,
 0,
 0,
 0,
 0,
 0,
 0,
 0,
 0,
 0,
 0,
 0,
 0,
 0,
 0,
 0,
 0,
 0,
 0,
 0,
 0,
 0,
 0,
 0,
 0,
 0,
 0,
 0,
 0,
 0,
 0,
 0,
 0,
 0,
 0,
 0,
 0,
 0,
 0,
 0,
 0,
 0,
 0,
 0,
 0,
 0,
 0,
 0,
 0,
 0,
 0,
 0,
 0,
 0,
 0,
 0,
 0,
 0,
 0,
 0,
 0,
 0,
 0,
 0,
 0,
 0,
 0,
 0,
 0,
 0,
 0,
 0,
 0,
 0,
 0,
 0,
 0,
 0,
 0,
 0,
 0,
 0,
 0,
 0,
 0,
 0,
 0,
 0,
 0,
 0,
 0,
 0,
 0,
 0,
 0,
 0,
 0,
 0,
 0,
 0,
 0,
 0,
 0,
 0,
 0,
 0,
 0,
 0,
 0,
 0,
 0,
 0,
 0,
 0,
 0,
 0,
 0,
 0,
 0,
 0,
 0,
 0,
 0,
 0,
 0,
 0,
 0,
 0,
 0,
 0,
 0,
 0,
 0,
 0,
 0,
 0,
 0,
 0,
 0,
 0,
 0,
 0,
 0,
 0,
 0,
 0,
 0,
 0,
 0,
 0,
 0,
 0,
 0,
 0,
 0,
 0,
 0,
 0,
 0,
 0,
 0,
 0,
 0,
 0,
 0,
 0,
 0,
 0,
 0,
 0,
 0,
 0,
 0,
 0,
 0,
 0,
 0,
 0,
 0,
 0,
 0,
 0,
 0,
 0,
 0,
 0,
 0,
 0,
 0,
 0,
 0,
 0,
 0,
 0,
 0,
 0,
 0,
 0,
 0,
 0,
 0,
 0,
 0,
 0,
 0,
 0,
 0,
 0,
 0,
 0,
 0,
 0,
 0,
 0,
 0,
 0,
 0,
 0,
 0,
 0,
 0,
 0,
 0,
 0,
 0,
 0,
 0,
 0,
 0,
 0,
 0,
 0,
 0,
 0,
 0,
 0,
 0,
 0,
 0,
 0,
 0,
 0,
 0,
 0,
 0,
 0,
 0,
 0,
 0,
 0,
 0,
 0,
 0,
 0,
 0,
 0,
 0,
 0,
 0,
 0,
 0,
 0,
 0,
 0,
 0,
 0,
 0,
 0,
 0,
 0,
 0,
 0,
 0,
 0,
 0,
 0,
 0,
 0,
 0,
 0,
 0,
 0,
 0,
 0,
 0,
 0,
 0,
 0,
 0,
 0,
 0,
 0,
 0,
 0,
 0,
 0,
 0,
 0,
 0,
 0,
 0,
 0,
 0,
 0,
 0,
 0,
 0,
 0,
 0,
 0,
 0,
 0,
 0,
 0,
 0,
 0,
 0,
 0,
 0,
 0,
 0,
 0,
 0,
 0,
 0,
 0,
 0,
 0,
 0,
 0,
 0,
 0,
 0,
 0,
 0,
 0,
 0,
 0,
 0,
 0,
 0,
 0,
 0,
 0,
 0,
 0,
 0,
 0,
 0,
 0,
 0,
 0,
 0,
 0,
 0,
 0,
 0,
 0,
 0,
 0,
 0,
 0,
 0,
 0,
 0,
 0,
 0,
 0,
 0,
 0,
 0,
 0,
 0,
 0,
 0,
 0,
 0,
 0,
 0,
 0,
 0,
 0,
 0,
 0,
 0,
 0,
 0,
 0,
 0,
 0,
 0,
 0,
 0,
 0,
 0,
 0,
 0,
 0,
 0,
 0,
 0,
 0,
 0,
 0,
 0,
 0,
 0,
 0,
 0,
 0,
 0,
 0,
 0,
 0,
 0,
 0,
 0,
 0,
 0,
 0,
 0,
 0,
 0,
 0,
 0,
 0,
 0,
 0,
 0,
 0,
 0,
 0,
 0,
 0,
 0,
 0,
 0,
 0,
 0,
 0,
 0,
 0,
 0,
 0,
 0,
 0,
 0,
 0,
 0,
 0,
 0,
 0,
 0,
 0,
 0,
 0,
 0,
 0,
 0,
 0,
 0,
 0,
 0,
 0,
 0,
 0,
 0,
 0,
 0,
 0,
 0,
 0,
 0,
 0,
 0,
 0,
 0,
 0,
 0,
 0,
 0,
 0,
 0,
 0,
 0,
 0,
 0,
 0,
 0,
 0,
 0,
 0,
 0,
 0,
 0,
 0,
 0,
 0,
 0,
 0,
 0,
 0,
 0,
 0,
 0,
 0,
 0,
 0,
 0,
 0,
 0,
 0,
 0,
 0,
 0,
 0,
 0,
 0,
 0,
 0,
 0,
 0,
 0,
 0,
 0,
 0,
 0,
 0,
 0,
 0,
 0,
 0,
 0,
 0,
 0,
 0,
 0,
 0,
 0,
 0,
 0,
 0,
 0,
 0,
 0,
 0,
 0,
 0,
 0,
 0,
 0,
 0,
 0,
 0,
 0,
 0,
 0,
 0,
 0,
 0,
 0,
 0,
 0,
 0,
 0,
 0,
 0,
 0,
 0,
 0,
 0,
 0,
 0,
 0,
 0,
 0,
 0,
 0,
 0,
 0,
 0,
 0,
 0,
 0,
 0,
 0,
 0,
 0,
 0,
 0,
 0,
 0,
 0,
 0,
 0,
 0,
 0,
 0,
 0,
 0,
 0,
 0,
 0,
 0,
 0,
 0,
 0,
 0,
 0,
 0,
 0,
 0,
 0,
 0,
 0,
 0,
 0,
 0,
 0,
 0,
 0,
 0,
 0,
 0,
 0,
 0,
 0,
 0,
 0,
 0,
 0,
 0,
 0,
 0,
 0,
 0,
 0,
 0,
 0,
 0,
 0,
 0,
 0,
 0,
 0,
 0,
 0,
 0,
 0,
 0,
 0,
 0,
 0,
 0,
 0,
 0,
 0,
 0,
 0,
 0,
 0,
 0,
 0,
 0,
 0,
 0,
 0,
 0,
 0,
 0,
 0,
 0,
 0,
 0,
 0,
 0,
 0,
 0,
 0,
 0,
 0,
 0,
 0,
 0,
 0,
 0,
 0,
 0,
 0,
 0,
 0,
 0,
 0,
 0,
 0,
 0,
 0,
 0,
 0,
 0,
 0,
 0,
 0,
 0,
 0,
 0,
 0,
 0,
 0,
 0,
 0,
 0,
 0,
 0,
 0,
 0,
 0,
 0,
 0,
 0,
 0,
 0,
 0,
 0,
 0,
 0,
 0,
 0,
 0,
 0,
 0,
 0,
 0,
 0,
 0,
 0,
 0,
 0,
 0,
 0,
 0,
 0,
 0,
 0,
 0,
 0,
 0,
 0,
 0,
 0,
 0,
 0,
 0,
 0,
 0,
 0,
 0,
 0,
 0,
 0,
 0,
 0,
 0,
 0,
 0,
 0,
 0,
 0,
 0,
 0,
 0,
 0,
 0,
 0,
 0,
 0,
 0,
 0,
 0,
 0,
 0,
 0,
 0,
 0,
 0,
 0,
 0,
 0,
 0,
 0,
 0,
 0,
 0,
 0,
 0,
 0]
